0	661	1
1	662	1
2	663	1
3	664	1
4	665	1
5	666	1
6	667	1
7	668	1
8	669	1
9	670	1
10	671	1
11	672	1
12	673	1
13	674	1
11	675	1
11	676	1
11	677	1
14	678	1
15	679	1
12	680	1
11	681	1
11	662	1
11	682	1
7	683	1
16	666	1
7	684	1
17	685	1
18	686	1
11	687	1
19	688	1
20	689	1
21	690	1
22	691	1
12	692	1
6	693	1
23	694	1
12	695	1
7	675	1
12	696	1
24	697	1
25	698	1
0	699	1
20	700	1
26	701	1
12	702	1
11	703	1
18	704	1
11	705	1
27	706	1
28	707	1
29	708	1
20	709	1
19	710	1
12	711	1
30	712	1
31	713	1
32	714	1
15	715	1
33	716	1
6	717	1
12	718	1
11	719	1
34	720	1
6	721	1
11	722	1
35	723	1
36	724	1
11	725	1
12	726	1
37	727	1
11	728	1
9	677	1
38	729	1
39	730	1
37	714	1
9	731	1
8	732	1
40	733	1
41	734	1
20	735	1
11	736	1
37	737	1
2	738	1
24	739	1
27	740	1
42	741	1
43	742	1
11	743	1
24	744	1
11	745	1
20	746	1
9	747	1
44	748	1
12	749	1
11	750	1
45	751	1
38	752	1
12	753	1
9	754	1
46	755	1
11	756	1
2	757	1
11	758	1
20	759	1
18	760	1
12	761	1
11	762	1
11	763	1
11	764	1
2	765	1
2	766	1
47	713	1
12	767	1
48	768	1
11	769	1
9	770	1
49	771	1
2	772	1
50	773	1
9	774	1
6	775	1
51	776	1
20	777	1
11	778	1
12	779	1
52	780	1
11	781	1
53	782	1
12	783	1
54	784	1
11	785	1
55	786	1
2	787	1
53	788	1
56	666	1
12	789	1
57	782	1
2	790	1
58	791	1
12	792	1
22	793	1
11	794	1
9	795	1
59	796	1
6	797	1
11	798	1
60	799	1
61	800	1
37	801	1
27	686	1
62	802	1
12	803	1
9	804	1
63	805	1
64	748	1
11	806	1
65	807	1
20	747	1
11	808	1
66	809	1
20	810	1
11	811	1
6	812	1
12	813	1
67	814	1
20	815	1
9	816	1
20	789	1
11	817	1
20	818	1
68	819	1
37	820	1
69	821	1
15	822	1
8	823	1
70	824	1
71	823	1
11	825	1
8	826	1
7	827	1
9	828	1
27	829	1
11	830	1
8	831	1
9	832	1
72	791	1
20	833	1
18	834	1
73	835	1
74	836	1
20	837	1
75	838	1
37	839	1
9	661	1
27	840	1
18	841	1
76	782	1
27	842	1
9	843	1
76	809	1
20	844	1
77	845	1
78	846	1
79	847	1
2	848	1
47	849	1
11	850	1
80	851	1
2	852	1
27	853	1
11	854	1
11	855	1
70	856	1
11	857	1
20	858	1
0	859	1
11	860	1
81	851	1
82	861	1
20	862	1
83	819	1
9	863	1
27	864	1
84	865	1
12	866	1
12	867	1
85	868	1
12	869	1
6	870	1
86	871	1
87	872	1
88	662	1
12	825	1
24	873	1
20	874	1
74	751	1
6	875	1
23	876	1
89	877	1
24	878	1
11	879	1
6	880	1
0	881	1
90	784	1
20	882	1
15	883	1
91	884	1
37	829	1
92	835	1
93	698	1
15	885	1
70	886	1
94	887	1
95	888	1
96	848	1
11	889	1
97	890	1
18	891	1
6	892	1
68	893	1
12	894	1
37	895	1
72	896	1
9	897	1
98	898	1
6	899	1
11	900	1
18	713	1
99	706	1
89	901	1
2	902	1
11	903	1
9	672	1
12	904	1
11	905	1
6	906	1
100	907	1
27	908	1
101	909	1
0	910	1
11	911	1
48	912	1
2	913	1
102	914	1
103	909	1
70	915	1
20	916	1
104	802	1
74	917	1
2	750	1
77	918	1
37	919	1
76	787	1
6	920	1
9	921	1
12	922	1
68	787	1
6	923	1
2	924	1
105	925	1
7	824	1
106	926	1
11	927	1
20	928	1
107	929	1
11	930	1
11	931	1
9	808	1
9	717	1
108	932	1
109	807	1
9	933	1
110	934	1
11	935	1
6	936	1
6	937	1
37	938	1
15	939	1
20	940	1
37	941	1
18	942	1
23	943	1
27	944	1
47	945	1
8	773	1
0	946	1
20	745	1
103	753	1
6	947	1
11	948	1
111	733	1
18	949	1
103	950	1
9	951	1
11	952	1
11	953	1
20	954	1
6	955	1
82	925	1
112	737	1
11	956	1
37	957	1
113	958	1
37	918	1
11	959	1
27	960	1
0	961	1
114	962	1
9	813	1
7	963	1
11	964	1
70	780	1
11	965	1
20	966	1
12	927	1
12	967	1
115	748	1
116	968	1
6	969	1
12	795	1
117	807	1
20	970	1
118	971	1
78	972	1
11	973	1
20	694	1
20	974	1
7	975	1
119	976	1
2	900	1
11	804	1
12	977	1
12	978	1
6	979	1
13	980	1
11	981	1
0	982	1
11	983	1
12	984	1
12	985	1
15	986	1
120	987	1
74	988	1
11	989	1
12	990	1
42	991	1
103	918	1
121	992	1
68	993	1
11	994	1
20	995	1
12	996	1
2	997	1
11	998	1
2	752	1
20	803	1
18	999	1
122	1000	1
123	1001	1
124	1002	1
8	845	1
24	738	1
74	1003	1
20	1004	1
37	1005	1
2	1006	1
11	1007	1
125	1008	1
2	1009	1
7	1010	1
6	1011	1
9	1012	1
11	1013	1
11	824	1
126	1014	1
27	1015	1
11	1016	1
11	1017	1
76	1018	1
127	1019	1
11	749	1
83	988	1
12	1020	1
11	1021	1
0	736	1
11	1022	1
128	1023	1
129	713	1
11	1024	1
42	1025	1
20	1026	1
6	1027	1
70	1028	1
11	779	1
0	1029	1
130	836	1
11	1030	1
131	1031	1
12	1032	1
6	1033	1
11	919	1
24	1020	1
2	1034	1
132	666	1
6	1035	1
11	1036	1
11	1037	1
133	1038	1
0	668	1
37	1039	1
37	1040	1
134	666	1
11	1041	1
20	1042	1
20	1043	1
11	1044	1
73	1001	1
2	1045	1
9	1046	1
11	1047	1
117	1048	1
74	992	1
11	1049	1
11	1050	1
11	810	1
11	975	1
6	1051	1
9	1052	1
135	782	1
136	1053	1
120	1054	1
11	1055	1
20	1056	1
11	1057	1
2	1058	1
11	1059	1
11	1060	1
13	1061	1
11	1056	1
6	1062	1
137	662	1
24	1063	1
20	1064	1
20	1065	1
29	1066	1
42	1067	1
138	1068	1
2	1069	1
20	1070	1
86	1071	1
139	980	1
11	1072	1
140	1073	1
9	1074	1
15	1075	1
141	838	1
142	1076	1
2	1077	1
12	1078	1
104	1079	1
143	809	1
6	1080	1
11	1081	1
20	1082	1
11	1083	1
9	1084	1
6	822	1
2	1085	1
144	1053	1
145	1086	1
146	1087	1
147	1088	1
148	1089	1
20	1090	1
11	1091	1
6	1092	1
37	1093	1
2	1094	1
6	874	1
11	740	1
20	675	1
2	1095	1
92	1096	1
128	1097	1
11	1098	1
149	753	1
7	1099	1
150	748	1
18	1100	1
20	1101	1
72	1102	1
70	1103	1
14	1104	1
11	1105	1
140	1106	1
42	1054	1
133	1107	1
11	1108	1
27	1109	1
11	1110	1
151	787	1
11	1111	1
60	1001	1
20	1112	1
11	1113	1
20	1114	1
7	1012	1
0	1115	1
152	1116	1
20	905	1
12	1117	1
153	1118	1
12	1119	1
11	774	1
2	1120	1
37	1121	1
15	1122	1
12	1070	1
154	666	1
155	1123	1
74	918	1
11	1124	1
20	1125	1
12	1126	1
11	1127	1
20	1128	1
18	1129	1
2	1130	1
156	773	1
7	1131	1
77	1102	1
157	733	1
9	673	1
12	1132	1
158	805	1
11	1133	1
6	705	1
37	666	1
24	965	1
20	822	1
159	1134	1
13	1135	1
160	971	1
161	1136	1
68	846	1
0	1137	1
20	1138	1
74	1139	1
37	1140	1
162	1141	1
12	1142	1
163	1143	1
164	1144	1
165	829	1
2	901	1
11	906	1
9	1145	1
76	1146	1
2	1147	1
60	1148	1
18	1112	1
166	1149	1
167	784	1
11	1150	1
168	1151	1
11	1152	1
71	1153	1
11	1154	1
37	1028	1
11	770	1
7	1109	1
47	1155	1
0	1156	1
169	1101	1
170	847	1
11	924	1
171	909	1
11	673	1
19	1102	1
9	862	1
12	1157	1
112	1158	1
20	1159	1
11	1160	1
172	852	1
70	849	1
6	1094	1
6	1161	1
12	1162	1
173	1163	1
20	1164	1
18	1094	1
174	662	1
12	1165	1
175	1166	1
176	993	1
9	1167	1
20	1168	1
11	1169	1
133	1170	1
29	1171	1
70	1172	1
177	901	1
11	1173	1
178	1034	1
9	872	1
11	1174	1
72	1175	1
23	1176	1
7	1177	1
179	1178	1
12	1179	1
18	919	1
11	1180	1
11	741	1
6	1181	1
70	987	1
103	1102	1
180	1182	1
2	1183	1
12	1184	1
181	1185	1
11	1186	1
11	1187	1
133	1188	1
11	1189	1
9	1190	1
15	1191	1
11	1192	1
84	1193	1
11	1194	1
2	1195	1
11	1043	1
7	1196	1
20	1197	1
27	1198	1
20	1199	1
11	1200	1
182	1201	1
12	1202	1
11	1203	1
11	1204	1
183	1205	1
6	1206	1
20	1207	1
20	1208	1
47	1209	1
184	1163	1
185	1210	1
70	1211	1
6	882	1
25	708	1
12	1212	1
60	1213	1
11	1214	1
18	1215	1
76	986	1
11	1137	1
23	942	1
20	1216	1
12	1217	1
11	1218	1
78	1116	1
186	843	1
170	1219	1
187	1220	1
84	1191	1
6	1221	1
11	1222	1
12	952	1
20	1223	1
11	1224	1
9	1225	1
7	1226	1
188	742	1
189	792	1
190	1227	1
191	1228	1
27	1006	1
190	1229	1
20	1105	1
60	1230	1
12	1231	1
192	1232	1
74	1233	1
193	921	1
9	1234	1
194	1023	1
139	1235	1
195	1236	1
20	1237	1
196	909	1
12	925	1
6	1238	1
9	1239	1
2	1073	1
197	1240	1
27	1241	1
27	1242	1
198	780	1
199	838	1
12	1243	1
11	1244	1
20	1245	1
11	1246	1
9	1247	1
24	1248	1
200	945	1
201	666	1
6	1038	1
9	1249	1
202	733	1
77	708	1
20	1250	1
2	843	1
11	1251	1
77	1185	1
20	1252	1
20	1253	1
11	966	1
152	1061	1
9	1242	1
11	1254	1
20	1255	1
12	918	1
18	1256	1
203	1002	1
204	872	1
205	1257	1
27	679	1
206	1258	1
207	1259	1
208	1260	1
20	770	1
7	1261	1
209	792	1
12	841	1
9	1237	1
9	1262	1
210	1263	1
11	1157	1
211	1264	1
20	1020	1
11	1138	1
7	1265	1
11	1266	1
11	771	1
12	727	1
24	1267	1
8	942	1
12	1268	1
0	1269	1
25	1146	1
11	940	1
54	1148	1
11	1259	1
9	1270	1
23	1271	1
2	780	1
101	753	1
212	1001	1
11	1272	1
84	741	1
213	909	1
6	1273	1
84	666	1
140	787	1
214	914	1
6	1274	1
215	898	1
70	1139	1
20	1275	1
2	1228	1
20	1276	1
9	935	1
9	1277	1
2	1278	1
12	1148	1
11	1279	1
27	1280	1
18	1281	1
216	666	1
20	1282	1
7	1283	1
11	1284	1
217	733	1
218	1285	1
2	1286	1
219	1287	1
20	1040	1
220	1288	1
20	1289	1
20	1270	1
11	1290	1
6	1291	1
12	1098	1
11	1292	1
60	1172	1
37	782	1
9	1293	1
99	1122	1
70	1294	1
11	858	1
221	1295	1
38	1296	1
11	1297	1
222	1295	1
11	1298	1
11	1299	1
0	1300	1
20	823	1
11	962	1
11	1301	1
73	1302	1
11	1303	1
60	821	1
223	1304	1
20	1305	1
0	1306	1
27	1307	1
11	1308	1
9	1309	1
52	1310	1
11	1311	1
12	1312	1
224	720	1
11	1313	1
11	761	1
6	1183	1
2	1314	1
20	1315	1
23	1316	1
12	802	1
6	829	1
2	1317	1
11	1318	1
24	1259	1
11	1112	1
11	1274	1
37	776	1
7	869	1
225	1026	1
226	1319	1
20	1320	1
227	1178	1
11	1321	1
6	1322	1
11	1323	1
11	1324	1
228	809	1
229	1325	1
11	1326	1
11	894	1
20	1327	1
27	949	1
230	1328	1
231	974	1
232	835	1
37	1329	1
11	921	1
9	1330	1
103	1331	1
38	901	1
113	1171	1
11	1332	1
11	1333	1
70	1334	1
6	1335	1
11	1336	1
87	1101	1
20	1137	1
11	1337	1
9	1110	1
11	1338	1
9	1339	1
233	1288	1
234	1340	1
235	1341	1
11	1342	1
6	1343	1
20	1072	1
7	1344	1
0	1345	1
20	1346	1
11	914	1
12	891	1
11	1339	1
11	1347	1
74	1348	1
11	1212	1
20	1349	1
20	1051	1
27	782	1
12	886	1
12	668	1
0	1350	1
21	1351	1
27	1261	1
236	710	1
237	1352	1
11	1273	1
11	1353	1
24	1167	1
27	1354	1
37	952	1
41	809	1
11	1355	1
11	679	1
12	1356	1
11	1103	1
20	739	1
12	1357	1
95	1358	1
18	784	1
11	1359	1
68	913	1
120	679	1
70	912	1
11	1360	1
11	1361	1
20	1261	1
238	792	1
12	1249	1
11	1362	1
12	1363	1
239	1201	1
70	930	1
15	1000	1
2	761	1
240	805	1
241	782	1
25	902	1
11	1364	1
12	1013	1
122	797	1
11	1365	1
27	1366	1
20	1236	1
242	1367	1
11	1368	1
11	1369	1
9	913	1
243	666	1
11	1370	1
11	1356	1
11	1371	1
244	713	1
11	1114	1
245	1372	1
11	1373	1
11	1280	1
37	1374	1
20	1375	1
70	727	1
0	1376	1
27	946	1
11	980	1
0	1377	1
77	1378	1
246	1071	1
27	1379	1
38	1380	1
42	666	1
23	1239	1
11	1381	1
20	1382	1
247	710	1
9	858	1
18	840	1
248	1263	1
12	677	1
20	1383	1
11	1384	1
9	1165	1
37	1281	1
11	1385	1
12	1386	1
11	1387	1
20	1041	1
249	1388	1
250	753	1
24	1389	1
15	1390	1
18	1391	1
122	1392	1
20	941	1
11	1217	1
2	1393	1
12	1394	1
13	1264	1
251	664	1
252	851	1
113	1122	1
70	1380	1
37	1395	1
12	1049	1
2	1396	1
113	1397	1
253	1398	1
9	1399	1
7	1400	1
74	1331	1
11	1148	1
13	1401	1
6	1402	1
12	1403	1
254	968	1
20	1404	1
19	1405	1
255	1406	1
11	1407	1
190	1016	1
12	1152	1
256	1408	1
257	790	1
12	1251	1
9	1409	1
128	1410	1
37	1345	1
20	1150	1
27	1411	1
258	768	1
11	1412	1
9	1413	1
2	1414	1
37	1415	1
259	909	1
260	807	1
11	1230	1
122	1416	1
261	1397	1
11	1417	1
12	1418	1
11	1419	1
11	1420	1
6	820	1
12	1361	1
11	1421	1
20	1422	1
20	1423	1
11	1424	1
262	1425	1
6	1426	1
11	1427	1
2	1428	1
263	898	1
6	1068	1
11	1389	1
20	1429	1
11	1430	1
12	769	1
6	1244	1
264	1431	1
89	1432	1
77	1238	1
11	1433	1
27	1434	1
18	1069	1
23	1435	1
12	1289	1
2	1436	1
264	710	1
12	1437	1
11	1247	1
99	1429	1
2	1438	1
11	1439	1
11	1440	1
13	1235	1
12	1441	1
2	950	1
60	689	1
11	1442	1
38	1443	1
253	1444	1
2	1445	1
11	1086	1
74	1031	1
20	1446	1
11	1447	1
2	1429	1
2	1012	1
20	1387	1
11	1448	1
20	1449	1
89	1192	1
11	689	1
265	1450	1
18	1386	1
254	1178	1
37	1273	1
266	1451	1
11	1452	1
20	1333	1
74	1095	1
149	1443	1
267	1453	1
11	1454	1
84	1054	1
268	1310	1
11	1455	1
122	1456	1
6	1457	1
9	1458	1
269	1459	1
11	977	1
89	974	1
11	1460	1
113	1104	1
149	915	1
270	1461	1
20	1462	1
60	1096	1
271	925	1
68	1463	1
6	1464	1
55	1195	1
11	1090	1
20	1465	1
37	1104	1
6	1466	1
272	1467	1
11	1423	1
7	1360	1
37	882	1
6	1136	1
12	706	1
273	1468	1
9	1114	1
11	1469	1
37	1470	1
274	987	1
11	729	1
84	1195	1
275	1471	1
43	1185	1
70	1391	1
9	1472	1
20	1473	1
11	1474	1
83	851	1
27	1475	1
276	784	1
70	1104	1
11	1476	1
12	1050	1
6	1477	1
31	716	1
11	1478	1
9	1479	1
277	1095	1
278	987	1
20	1480	1
128	1331	1
279	890	1
11	1481	1
2	1482	1
7	1483	1
24	673	1
37	1484	1
27	1485	1
6	1486	1
25	1487	1
133	1488	1
0	883	1
11	1489	1
11	1490	1
280	793	1
6	1491	1
250	1348	1
11	1492	1
11	1493	1
11	1494	1
11	1495	1
12	999	1
281	1496	1
7	1497	1
11	1498	1
11	1499	1
76	1500	1
27	1501	1
11	1344	1
6	1367	1
12	1236	1
20	1502	1
55	666	1
11	1503	1
11	1504	1
7	756	1
11	1505	1
9	1506	1
37	1123	1
38	942	1
20	1212	1
11	1507	1
9	1318	1
38	1286	1
12	843	1
282	753	1
283	1508	1
284	1509	1
11	877	1
27	788	1
11	1142	1
120	1510	1
60	1511	1
2	1512	1
7	778	1
11	746	1
11	1513	1
285	1219	1
11	1514	1
11	1515	1
11	1516	1
29	1122	1
58	1517	1
11	1518	1
68	1134	1
7	1519	1
74	1520	1
6	1521	1
20	1334	1
252	662	1
23	1522	1
24	1523	1
286	1448	1
27	1339	1
2	1524	1
11	1525	1
20	1526	1
11	1527	1
6	1528	1
2	1529	1
19	972	1
287	1530	1
11	1531	1
70	702	1
288	1040	1
128	1286	1
12	1532	1
289	1533	1
18	1085	1
290	907	1
8	1383	1
11	1295	1
20	1534	1
27	1535	1
7	1305	1
11	1536	1
2	1537	1
291	1222	1
292	1351	1
293	807	1
294	1185	1
27	1538	1
37	1539	1
11	1540	1
20	1022	1
60	1541	1
112	1542	1
18	1273	1
11	1543	1
86	666	1
295	751	1
11	1544	1
24	1218	1
11	1545	1
20	1052	1
2	1546	1
24	1547	1
2	1193	1
12	1548	1
11	1549	1
11	1277	1
53	1509	1
11	1550	1
148	901	1
9	792	1
0	1241	1
11	1551	1
12	1552	1
20	1553	1
2	1554	1
12	700	1
20	1344	1
60	1140	1
112	913	1
11	1555	1
296	1448	1
106	1556	1
11	1349	1
12	1543	1
9	835	1
60	1557	1
297	1001	1
12	1284	1
298	797	1
299	1558	1
0	1559	1
20	1409	1
83	1143	1
11	1270	1
2	1560	1
20	1561	1
11	1562	1
12	1499	1
133	1276	1
19	962	1
7	1563	1
11	1003	1
183	678	1
11	1564	1
24	849	1
20	1565	1
76	819	1
300	1116	1
301	784	1
11	1566	1
11	1567	1
20	1568	1
276	1569	1
11	1004	1
302	1570	1
242	784	1
99	1571	1
291	1097	1
27	957	1
2	713	1
20	1572	1
68	988	1
24	954	1
18	782	1
303	662	1
12	1513	1
12	1573	1
41	1574	1
304	987	1
12	1575	1
6	1576	1
2	1577	1
11	1578	1
20	1579	1
2	1580	1
291	1206	1
11	788	1
6	1581	1
12	1391	1
18	1582	1
11	1583	1
20	744	1
18	832	1
11	886	1
15	974	1
70	1148	1
11	1584	1
11	1585	1
20	1586	1
68	1587	1
7	1588	1
11	1589	1
0	1590	1
11	1380	1
6	1591	1
41	784	1
2	1592	1
11	1314	1
305	1593	1
12	1594	1
20	1146	1
291	885	1
83	662	1
11	1595	1
11	1223	1
11	1596	1
306	1163	1
2	1581	1
12	1384	1
29	784	1
11	864	1
9	1268	1
74	1597	1
177	1598	1
11	1383	1
42	1086	1
9	1599	1
12	1052	1
11	1165	1
11	1532	1
6	1600	1
12	1190	1
112	1601	1
11	1602	1
2	1603	1
20	1322	1
15	1604	1
307	664	1
308	1328	1
12	1605	1
7	1420	1
24	1148	1
20	1234	1
2	1375	1
309	1574	1
2	960	1
20	1291	1
7	1203	1
11	1606	1
12	1607	1
11	1608	1
11	1609	1
310	934	1
11	1084	1
311	713	1
12	1160	1
23	1610	1
27	1611	1
11	867	1
11	1612	1
11	1613	1
20	1614	1
11	1177	1
312	1615	1
15	835	1
11	1616	1
11	1617	1
15	1096	1
2	872	1
313	1185	1
27	1618	1
6	1619	1
71	773	1
18	1620	1
314	1178	1
149	727	1
27	1621	1
20	1373	1
20	718	1
12	1622	1
20	953	1
20	1623	1
11	1624	1
11	731	1
264	708	1
11	688	1
12	963	1
20	673	1
11	1625	1
27	1551	1
11	1626	1
9	1627	1
20	1628	1
11	1629	1
11	1038	1
12	1228	1
284	1346	1
11	1630	1
315	819	1
11	1631	1
316	934	1
12	965	1
27	995	1
11	1394	1
317	1351	1
11	696	1
89	1149	1
37	1632	1
27	1633	1
318	1143	1
47	918	1
6	1634	1
103	1236	1
84	679	1
12	1635	1
2	688	1
11	1330	1
319	1116	1
2	1636	1
2	1136	1
76	902	1
12	1637	1
18	1638	1
11	918	1
9	1513	1
12	1396	1
320	792	1
20	813	1
84	988	1
12	808	1
24	1508	1
11	1639	1
321	1086	1
11	1640	1
20	841	1
2	822	1
27	1641	1
322	724	1
29	738	1
15	754	1
323	1642	1
11	1643	1
37	1644	1
11	829	1
11	1645	1
324	790	1
325	835	1
289	1646	1
7	759	1
326	666	1
20	682	1
327	1647	1
20	1648	1
20	1649	1
20	1650	1
12	765	1
11	899	1
27	1651	1
7	1354	1
20	1244	1
11	1652	1
47	1653	1
77	1468	1
2	1632	1
147	1654	1
328	1655	1
11	1656	1
12	1234	1
248	662	1
329	1014	1
11	954	1
9	1498	1
11	1657	1
9	1658	1
20	1659	1
330	939	1
331	1054	1
82	1660	1
2	784	1
24	776	1
6	1661	1
332	1436	1
11	1638	1
91	1662	1
37	1663	1
11	1010	1
153	1664	1
333	1210	1
18	1101	1
6	1572	1
20	668	1
20	1515	1
37	1247	1
334	1665	1
2	1247	1
37	1666	1
335	730	1
336	971	1
11	1667	1
12	1545	1
6	1150	1
337	988	1
338	1101	1
86	1668	1
210	1669	1
20	1413	1
7	1670	1
12	1671	1
27	1085	1
9	1672	1
253	1673	1
339	1674	1
27	1675	1
12	1044	1
11	866	1
20	1047	1
76	666	1
11	1676	1
60	1449	1
6	753	1
11	695	1
133	1677	1
12	1133	1
9	746	1
11	863	1
340	1450	1
15	1468	1
12	1565	1
12	1678	1
12	1627	1
332	1260	1
224	1679	1
9	696	1
11	1126	1
2	1086	1
11	1680	1
113	1681	1
11	1682	1
7	850	1
6	1683	1
11	1684	1
20	1113	1
2	1685	1
11	1686	1
11	1687	1
29	1095	1
11	1688	1
113	1689	1
20	1690	1
341	1510	1
11	1428	1
6	1404	1
342	1406	1
20	951	1
20	817	1
328	1691	1
12	1692	1
7	1174	1
23	1693	1
0	1694	1
328	1139	1
12	774	1
9	1635	1
37	1695	1
6	1146	1
12	1696	1
2	1697	1
343	792	1
70	1698	1
11	1699	1
2	1091	1
344	666	1
37	1557	1
345	1700	1
11	978	1
6	1373	1
27	1152	1
99	861	1
12	731	1
11	1701	1
346	1001	1
12	862	1
120	666	1
70	1593	1
20	733	1
347	1238	1
20	877	1
11	1702	1
37	1388	1
20	1604	1
12	1684	1
32	1703	1
42	1000	1
11	1704	1
20	1705	1
20	1194	1
12	1480	1
348	929	1
86	771	1
12	1567	1
12	1706	1
9	1217	1
20	985	1
20	1479	1
2	865	1
142	1025	1
18	1707	1
11	1708	1
349	780	1
6	1111	1
12	830	1
20	1709	1
37	698	1
6	1041	1
6	1710	1
0	1711	1
20	1712	1
11	795	1
20	1318	1
350	1574	1
9	1692	1
11	1443	1
9	1532	1
351	971	1
12	1713	1
11	1146	1
352	915	1
11	1714	1
18	1585	1
11	1715	1
353	730	1
11	1716	1
74	1665	1
20	1624	1
354	1086	1
24	966	1
47	1509	1
291	1717	1
355	1556	1
8	1153	1
356	1054	1
11	693	1
357	1257	1
323	784	1
358	1718	1
23	1498	1
37	1719	1
12	1220	1
15	1720	1
18	1484	1
359	782	1
6	1721	1
360	1722	1
2	1103	1
11	697	1
361	1723	1
53	1040	1
362	1233	1
11	1167	1
363	1219	1
261	902	1
37	1018	1
23	697	1
12	1724	1
8	1725	1
7	1386	1
20	1308	1
11	1726	1
11	1283	1
2	1727	1
12	1608	1
364	1228	1
365	1351	1
27	1728	1
77	1288	1
20	680	1
11	1729	1
11	1275	1
18	1512	1
15	849	1
11	1730	1
366	1731	1
7	877	1
367	1449	1
133	1732	1
8	1660	1
37	1571	1
290	1310	1
368	662	1
6	759	1
8	1733	1
6	1734	1
20	1735	1
27	1736	1
20	1533	1
369	1604	1
20	1364	1
20	1737	1
15	1139	1
20	820	1
20	1290	1
20	785	1
2	1738	1
9	1739	1
74	1740	1
2	1148	1
70	760	1
15	1206	1
11	1741	1
370	1660	1
20	693	1
11	1176	1
11	1742	1
7	818	1
2	1644	1
371	1743	1
0	1744	1
337	666	1
11	1400	1
372	1745	1
20	832	1
20	1629	1
37	1746	1
2	1747	1
2	1748	1
269	1749	1
7	1750	1
373	1751	1
205	1328	1
9	1752	1
18	1294	1
374	896	1
12	1753	1
11	1754	1
11	1755	1
375	768	1
90	662	1
37	1476	1
20	1007	1
0	1756	1
201	1510	1
18	1757	1
6	1758	1
20	1017	1
20	762	1
89	1597	1
2	1759	1
27	1760	1
313	742	1
9	1761	1
9	1312	1
20	811	1
361	714	1
2	1762	1
11	1763	1
296	1325	1
60	1764	1
11	712	1
20	1021	1
8	1395	1
11	1479	1
11	1765	1
2	729	1
11	1766	1
376	1767	1
20	1622	1
377	1768	1
20	1769	1
11	1213	1
27	1770	1
23	1771	1
20	1772	1
378	819	1
15	988	1
15	1773	1
379	1774	1
89	1775	1
380	666	1
381	784	1
25	1776	1
20	1777	1
11	1778	1
24	1305	1
11	1779	1
11	1780	1
177	1774	1
20	788	1
38	1428	1
11	1781	1
140	1334	1
289	1782	1
7	1783	1
24	1784	1
38	1785	1
11	812	1
9	1412	1
20	1506	1
382	1451	1
276	797	1
12	737	1
383	1328	1
20	1332	1
8	1786	1
20	1787	1
9	1157	1
68	1788	1
2	1789	1
84	1123	1
384	1201	1
112	1554	1
7	1790	1
11	1791	1
385	1574	1
11	1792	1
11	803	1
386	1014	1
11	1793	1
6	970	1
9	676	1
12	1794	1
11	1795	1
201	717	1
20	1796	1
12	919	1
68	698	1
74	1797	1
27	1798	1
11	1462	1
20	1799	1
18	1084	1
20	1607	1
68	912	1
11	1800	1
11	1801	1
20	824	1
6	1802	1
387	800	1
20	1771	1
388	1393	1
12	1365	1
11	1772	1
348	1803	1
389	1804	1
390	685	1
24	1805	1
18	1806	1
6	1368	1
20	1030	1
315	851	1
12	827	1
11	947	1
9	1807	1
12	770	1
25	1533	1
7	1808	1
11	1809	1
391	918	1
11	1810	1
11	1811	1
20	1165	1
12	798	1
11	1812	1
7	1813	1
11	1317	1
392	1416	1
393	1468	1
394	707	1
395	787	1
20	1353	1
12	1814	1
2	1815	1
23	1064	1
2	808	1
11	843	1
24	1660	1
12	1816	1
27	1160	1
396	1817	1
11	1202	1
23	806	1
2	1818	1
397	1819	1
20	1039	1
24	770	1
9	1549	1
11	1727	1
20	934	1
9	744	1
11	1216	1
361	1642	1
20	1820	1
20	978	1
398	782	1
11	1607	1
11	873	1
12	1821	1
7	980	1
9	1706	1
399	1822	1
60	1823	1
53	1535	1
400	1219	1
6	840	1
55	1500	1
11	1071	1
9	1480	1
11	876	1
188	1472	1
9	900	1
2	1179	1
401	1243	1
11	1824	1
6	1825	1
0	1261	1
2	1379	1
12	1826	1
11	1256	1
20	1678	1
152	972	1
11	1827	1
20	843	1
58	950	1
402	1718	1
19	791	1
286	1828	1
15	1829	1
18	821	1
11	1830	1
11	1709	1
11	1831	1
11	713	1
27	1832	1
23	1624	1
78	1833	1
403	1745	1
68	896	1
12	1424	1
11	1413	1
12	1834	1
37	1423	1
20	1835	1
11	1836	1
11	1226	1
70	950	1
404	1412	1
20	1190	1
20	1837	1
0	1838	1
11	1658	1
27	1839	1
12	672	1
9	1840	1
11	985	1
6	1742	1
405	1123	1
406	1841	1
2	1600	1
407	1256	1
9	1842	1
20	827	1
16	1086	1
18	1000	1
11	897	1
68	1095	1
408	1201	1
68	666	1
38	914	1
9	1843	1
20	1844	1
27	1342	1
182	1019	1
409	784	1
410	1509	1
77	1328	1
11	1845	1
340	1720	1
177	688	1
20	1192	1
411	1219	1
20	1657	1
11	1846	1
37	1847	1
7	1810	1
128	1773	1
0	1848	1
12	750	1
11	1305	1
11	1500	1
11	1849	1
7	1651	1
70	1850	1
12	1439	1
7	822	1
37	713	1
68	902	1
412	755	1
27	999	1
84	819	1
11	1449	1
11	1851	1
15	1247	1
20	1119	1
20	1145	1
335	1852	1
11	1227	1
413	1123	1
7	1515	1
68	748	1
2	1217	1
261	1393	1
0	801	1
11	1853	1
70	1215	1
12	1854	1
20	1439	1
20	1645	1
9	1028	1
74	1472	1
12	1855	1
414	1123	1
2	1667	1
415	679	1
20	1856	1
0	1798	1
2	1857	1
11	1858	1
12	739	1
37	1859	1
416	790	1
2	679	1
18	848	1
11	1627	1
12	1860	1
24	862	1
11	1721	1
20	1861	1
136	1862	1
374	1144	1
37	1863	1
417	1061	1
12	1399	1
9	1098	1
20	1124	1
12	1864	1
20	1865	1
20	1866	1
11	1865	1
20	1634	1
418	1703	1
6	878	1
15	1008	1
11	1438	1
12	1867	1
24	1070	1
419	1751	1
11	1868	1
338	1451	1
11	1869	1
11	1870	1
74	1577	1
420	1144	1
11	1871	1
9	1872	1
20	1309	1
37	1533	1
54	1653	1
392	1459	1
20	1167	1
2	1873	1
421	1556	1
304	1380	1
12	1701	1
11	1874	1
20	1231	1
422	1875	1
20	1658	1
11	1876	1
11	1523	1
423	1732	1
9	1545	1
68	1574	1
424	666	1
18	1877	1
425	1508	1
426	1251	1
18	1878	1
79	1219	1
11	1879	1
20	1880	1
11	1881	1
2	1882	1
7	735	1
11	1813	1
15	1140	1
12	1846	1
6	685	1
20	1855	1
11	1312	1
427	1556	1
6	928	1
37	1109	1
11	1817	1
428	1883	1
11	1884	1
429	666	1
11	1885	1
11	1145	1
388	1886	1
18	938	1
430	1048	1
93	913	1
431	1887	1
37	1366	1
2	1817	1
27	1888	1
70	938	1
432	932	1
433	1889	1
11	1890	1
0	1891	1
11	1892	1
12	1267	1
20	725	1
12	1598	1
6	1827	1
434	1178	1
204	1893	1
12	1114	1
74	1228	1
435	829	1
11	1894	1
205	807	1
37	901	1
11	1860	1
436	1071	1
11	1895	1
258	912	1
11	916	1
2	754	1
128	1193	1
37	1085	1
250	918	1
37	1896	1
6	1897	1
437	1898	1
27	967	1
68	950	1
12	762	1
12	1772	1
0	1097	1
6	1899	1
11	1403	1
438	1900	1
6	1901	1
37	1006	1
13	1019	1
370	1902	1
0	1903	1
37	1106	1
439	1904	1
12	1905	1
74	1328	1
12	1237	1
2	1906	1
0	1907	1
27	737	1
20	1908	1
11	1909	1
54	1910	1
20	773	1
440	1875	1
24	803	1
11	1911	1
9	1596	1
250	909	1
291	1247	1
11	1066	1
68	678	1
11	1872	1
20	1701	1
174	846	1
37	968	1
20	719	1
147	1080	1
7	1912	1
24	1079	1
2	1281	1
441	1913	1
9	1914	1
11	1915	1
442	1916	1
146	1019	1
20	1911	1
27	1917	1
6	1918	1
11	1919	1
12	1534	1
7	1807	1
254	800	1
6	1920	1
7	902	1
13	716	1
12	763	1
77	710	1
2	1921	1
37	1130	1
2	1922	1
20	1923	1
27	886	1
11	1487	1
153	1148	1
7	1924	1
11	1753	1
443	1925	1
11	809	1
20	1926	1
11	1927	1
9	1928	1
74	843	1
20	1929	1
11	753	1
23	799	1
20	1930	1
57	787	1
12	1824	1
7	1931	1
234	1932	1
20	1610	1
11	1933	1
37	1934	1
444	1500	1
2	773	1
74	971	1
11	1935	1
11	1936	1
2	896	1
9	1735	1
12	1830	1
20	1937	1
20	1938	1
20	1939	1
445	1940	1
11	1291	1
11	1208	1
38	1028	1
12	1941	1
410	733	1
446	1886	1
11	1942	1
11	1943	1
7	1832	1
11	1250	1
11	1119	1
6	830	1
11	1293	1
27	1327	1
2	1334	1
11	1622	1
70	1118	1
9	1373	1
23	1944	1
0	1945	1
11	1946	1
20	1947	1
20	1532	1
2	1785	1
70	1008	1
20	1330	1
6	1948	1
20	769	1
11	1422	1
27	1882	1
84	674	1
11	1949	1
447	1185	1
11	1309	1
11	1950	1
448	1331	1
12	1853	1
11	1951	1
20	1853	1
6	1128	1
449	1025	1
450	1448	1
176	987	1
2	1952	1
11	1953	1
89	1511	1
9	1138	1
451	981	1
65	662	1
11	1064	1
24	1585	1
20	1036	1
20	1954	1
11	1465	1
452	1416	1
11	1229	1
20	662	1
11	1237	1
24	1473	1
364	1955	1
453	1695	1
20	701	1
20	1360	1
27	1956	1
24	1262	1
27	1957	1
12	1735	1
454	1922	1
27	1958	1
54	1054	1
20	1802	1
9	1893	1
455	1195	1
176	782	1
15	1959	1
11	1468	1
0	1960	1
6	1961	1
2	1962	1
12	1538	1
2	1963	1
11	1769	1
456	1574	1
11	1834	1
11	1052	1
11	1964	1
12	1381	1
457	1086	1
6	1935	1
253	1626	1
20	1965	1
458	1392	1
20	889	1
11	1966	1
331	848	1
11	1967	1
11	1473	1
20	937	1
7	1968	1
7	1724	1
12	1187	1
11	1635	1
27	1969	1
27	1970	1
459	720	1
2	1971	1
23	1007	1
460	1972	1
11	937	1
12	1861	1
140	1741	1
9	1973	1
96	1974	1
461	1468	1
410	1416	1
462	1328	1
264	1102	1
18	1025	1
7	1975	1
83	1976	1
7	1935	1
86	1977	1
12	1218	1
291	1978	1
6	1947	1
11	1441	1
463	1979	1
11	1980	1
47	836	1
12	1868	1
464	767	1
8	1392	1
20	1814	1
149	760	1
12	832	1
20	894	1
20	1981	1
27	1150	1
18	1824	1
9	1478	1
8	1982	1
37	1978	1
465	662	1
466	1983	1
11	1984	1
68	1328	1
15	1148	1
11	1020	1
20	1953	1
0	1359	1
11	1491	1
11	1561	1
9	662	1
7	1240	1
452	1054	1
448	1328	1
249	1453	1
6	1985	1
8	1986	1
18	1034	1
11	1987	1
11	1672	1
2	882	1
12	1988	1
467	909	1
468	1989	1
11	844	1
11	1990	1
242	797	1
18	809	1
12	1479	1
9	1820	1
2	1209	1
469	1991	1
68	884	1
55	679	1
11	1992	1
11	1993	1
82	1902	1
18	1718	1
27	952	1
20	1994	1
9	1386	1
470	1833	1
6	1045	1
7	1995	1
37	902	1
37	891	1
20	1996	1
11	1743	1
2	1746	1
420	1468	1
20	1656	1
9	1348	1
12	1997	1
20	1736	1
20	1204	1
37	1500	1
60	1182	1
84	1977	1
12	1079	1
245	1998	1
12	903	1
11	1999	1
471	1123	1
472	2000	1
2	2001	1
20	2002	1
11	773	1
7	1231	1
12	937	1
58	1102	1
11	702	1
12	2003	1
473	710	1
72	1587	1
74	768	1
474	1774	1
11	1663	1
51	852	1
9	1737	1
2	2004	1
89	1097	1
11	2005	1
12	1660	1
475	1000	1
70	1025	1
2	1847	1
20	1686	1
93	666	1
11	1855	1
9	1051	1
11	1771	1
11	2006	1
11	1738	1
353	1852	1
68	1018	1
37	2007	1
11	1069	1
20	1218	1
27	2008	1
37	2009	1
476	685	1
18	1649	1
200	748	1
477	807	1
478	767	1
79	1220	1
68	1139	1
37	847	1
11	2010	1
8	849	1
8	1715	1
9	1983	1
12	2011	1
9	753	1
11	2012	1
479	1386	1
308	1500	1
12	1028	1
11	1599	1
20	1573	1
133	1522	1
12	1999	1
11	2013	1
18	1437	1
480	2014	1
11	1409	1
11	2015	1
11	2016	1
24	1896	1
18	1228	1
11	1396	1
481	807	1
482	1893	1
89	1101	1
290	1397	1
18	1955	1
20	2017	1
11	991	1
12	2018	1
6	1103	1
11	1787	1
12	1305	1
11	2019	1
483	1252	1
11	2020	1
11	820	1
6	1714	1
12	1844	1
11	1035	1
12	2021	1
12	1925	1
11	1690	1
11	2022	1
47	1392	1
484	1416	1
485	666	1
20	1054	1
38	1148	1
20	1567	1
20	1696	1
9	1365	1
20	1781	1
7	2023	1
2	2019	1
58	733	1
24	1437	1
37	2024	1
0	2025	1
12	1440	1
38	1182	1
20	2026	1
11	1458	1
9	1824	1
37	717	1
6	924	1
486	662	1
42	1635	1
12	2027	1
487	1510	1
418	2028	1
488	662	1
2	1495	1
11	2029	1
7	2030	1
99	901	1
18	2031	1
2	1500	1
6	1179	1
20	702	1
11	1814	1
42	1240	1
27	2032	1
27	1334	1
11	1572	1
6	1505	1
328	1148	1
6	1599	1
11	765	1
11	718	1
2	1386	1
25	839	1
12	1895	1
11	1393	1
20	2033	1
9	1429	1
7	1391	1
74	1149	1
74	662	1
18	1001	1
24	1114	1
418	771	1
2	2034	1
20	1271	1
9	1439	1
201	1195	1
11	2035	1
489	1732	1
490	1287	1
20	933	1
11	1737	1
11	1271	1
20	798	1
6	1625	1
20	1876	1
7	1872	1
340	1508	1
11	1252	1
11	1207	1
12	1630	1
11	1211	1
491	784	1
11	996	1
12	816	1
11	1861	1
18	1970	1
492	1066	1
6	670	1
493	2036	1
12	719	1
58	1348	1
7	1890	1
494	1000	1
495	1166	1
20	677	1
459	2037	1
484	733	1
20	2038	1
9	978	1
12	1333	1
18	869	1
496	1210	1
2	2039	1
20	1496	1
448	1852	1
12	1136	1
20	722	1
76	987	1
313	1288	1
41	1077	1
497	1509	1
12	1230	1
70	1557	1
498	981	1
7	946	1
363	1220	1
499	847	1
70	2040	1
6	1085	1
20	1914	1
11	748	1
74	1238	1
500	1351	1
20	2041	1
20	1826	1
217	1443	1
103	2042	1
18	1450	1
501	1520	1
2	2043	1
11	1905	1
20	2007	1
9	1864	1
11	2044	1
8	1902	1
0	1250	1
502	1825	1
11	2045	1
20	1892	1
503	1146	1
20	2046	1
12	1540	1
11	2047	1
11	2048	1
37	760	1
20	2049	1
37	1481	1
12	1167	1
20	1733	1
504	2050	1
8	713	1
20	1228	1
505	1001	1
331	883	1
11	1706	1
93	1510	1
29	797	1
11	1322	1
9	1129	1
506	909	1
331	971	1
336	666	1
42	1066	1
20	1795	1
24	1046	1
12	1177	1
11	963	1
9	830	1
37	2043	1
11	1028	1
11	2051	1
2	1164	1
113	901	1
48	751	1
11	1821	1
244	716	1
20	2052	1
60	1144	1
0	2053	1
6	2054	1
507	662	1
508	1719	1
509	1743	1
24	1622	1
37	2055	1
11	2056	1
11	943	1
9	824	1
510	912	1
27	1682	1
511	1833	1
11	1997	1
7	908	1
11	942	1
11	832	1
74	1144	1
20	2057	1
12	1596	1
12	1429	1
72	710	1
37	834	1
20	1845	1
103	987	1
12	1059	1
27	902	1
9	1565	1
11	1480	1
11	827	1
512	1210	1
20	1369	1
20	1896	1
89	1717	1
60	1349	1
513	733	1
54	949	1
514	2058	1
11	875	1
6	2059	1
11	2060	1
12	728	1
328	1075	1
2	666	1
6	1026	1
37	787	1
11	1225	1
20	878	1
27	1191	1
291	1075	1
2	1374	1
515	2061	1
211	846	1
2	2062	1
11	1262	1
20	1238	1
326	1023	1
0	1712	1
11	1605	1
516	1955	1
7	1770	1
2	1698	1
517	1014	1
518	1001	1
340	1101	1
24	918	1
6	2063	1
12	1792	1
24	2005	1
519	1101	1
76	1788	1
520	2056	1
521	662	1
11	1802	1
37	1697	1
55	1086	1
84	1095	1
290	847	1
89	2046	1
522	1219	1
11	1783	1
523	666	1
11	692	1
9	1424	1
24	1216	1
524	748	1
60	2053	1
12	1884	1
11	2064	1
113	2065	1
525	2066	1
12	2067	1
74	1175	1
2	1054	1
11	2068	1
9	1753	1
37	1210	1
526	679	1
2	877	1
11	1692	1
12	1409	1
505	884	1
11	2069	1
20	2070	1
153	780	1
2	1553	1
15	1296	1
37	1375	1
27	1300	1
103	742	1
12	1362	1
24	796	1
527	1788	1
74	753	1
71	845	1
11	2071	1
20	749	1
68	1178	1
6	1165	1
9	1289	1
12	661	1
37	2072	1
20	1706	1
20	2073	1
11	2074	1
11	1401	1
11	799	1
20	2031	1
12	799	1
24	1357	1
20	1127	1
24	1428	1
20	1202	1
11	2075	1
68	784	1
37	985	1
367	835	1
275	2076	1
112	1327	1
12	2031	1
77	1875	1
24	679	1
11	816	1
11	969	1
20	1273	1
525	702	1
2	2077	1
15	2053	1
93	1195	1
392	733	1
11	2078	1
11	1886	1
20	2079	1
6	1047	1
20	1335	1
9	1333	1
11	1843	1
20	794	1
2	2080	1
11	1363	1
12	2081	1
11	680	1
7	2082	1
12	1664	1
11	2083	1
7	2084	1
427	800	1
225	2085	1
11	2086	1
20	1951	1
20	2035	1
20	1792	1
27	974	1
20	1083	1
138	2087	1
12	1840	1
308	1992	1
0	952	1
7	1083	1
11	1382	1
23	2088	1
9	1216	1
20	2089	1
0	2090	1
6	725	1
388	1500	1
20	1919	1
74	1243	1
291	2091	1
11	2092	1
20	1084	1
37	843	1
11	2093	1
528	1597	1
70	829	1
23	2094	1
529	1700	1
20	927	1
12	2064	1
23	1690	1
20	1578	1
277	988	1
11	2095	1
11	739	1
11	1768	1
9	1236	1
24	1237	1
77	1574	1
24	852	1
530	1351	1
89	2091	1
29	1500	1
20	1549	1
2	1123	1
20	1509	1
531	1520	1
7	2096	1
2	2097	1
532	1893	1
11	1367	1
12	1579	1
20	1993	1
120	698	1
9	818	1
413	1086	1
7	2098	1
37	1888	1
23	1467	1
533	1001	1
11	2099	1
86	1703	1
516	872	1
11	1568	1
24	745	1
72	1185	1
11	1724	1
174	751	1
534	1328	1
535	1500	1
2	2100	1
11	1700	1
25	1085	1
15	1086	1
70	751	1
2	1472	1
20	1867	1
27	1896	1
11	1547	1
12	804	1
60	1330	1
2	2101	1
129	716	1
27	1437	1
13	1317	1
20	1726	1
122	1372	1
12	1730	1
41	1252	1
11	1983	1
11	2102	1
12	1811	1
11	1107	1
20	753	1
20	2103	1
2	2104	1
12	1737	1
84	748	1
11	2105	1
11	957	1
20	2106	1
6	713	1
72	950	1
11	2107	1
37	1384	1
38	1250	1
99	2108	1
11	2084	1
20	1399	1
275	2109	1
0	2110	1
139	1233	1
536	1774	1
468	1436	1
24	809	1
2	1028	1
537	1144	1
6	1422	1
538	1456	1
11	1136	1
7	1040	1
12	2044	1
33	713	1
68	751	1
539	1288	1
9	2111	1
11	2112	1
11	2113	1
15	1978	1
11	2004	1
11	1826	1
229	1448	1
70	991	1
9	952	1
74	2114	1
540	753	1
288	1196	1
15	1698	1
37	2115	1
541	1095	1
37	1118	1
12	2116	1
52	950	1
542	945	1
70	847	1
33	1401	1
11	1240	1
20	2117	1
12	679	1
12	1339	1
11	2118	1
463	1998	1
27	2119	1
74	2120	1
0	2121	1
74	1467	1
54	1153	1
543	714	1
11	1289	1
91	1048	1
20	1025	1
20	902	1
8	1038	1
74	912	1
15	797	1
172	776	1
70	1631	1
12	1616	1
11	862	1
38	1731	1
338	835	1
192	784	1
74	1288	1
12	2122	1
42	1231	1
0	2123	1
11	2124	1
544	987	1
11	2125	1
37	1217	1
20	1012	1
12	1275	1
11	1234	1
11	1164	1
12	933	1
20	1741	1
20	1203	1
7	2126	1
20	1069	1
15	1557	1
11	726	1
11	1031	1
42	890	1
6	2127	1
12	1261	1
12	2128	1
37	1000	1
20	2129	1
545	1096	1
12	935	1
546	2130	1
217	753	1
11	2131	1
25	1556	1
11	2132	1
15	846	1
547	1352	1
20	920	1
9	1860	1
20	679	1
548	1720	1
374	2133	1
12	1450	1
24	1693	1
12	1216	1
153	821	1
11	2134	1
6	1030	1
549	1351	1
507	1263	1
11	1039	1
11	2135	1
550	1351	1
11	828	1
42	787	1
551	2136	1
68	2137	1
6	1315	1
6	1700	1
11	2079	1
552	1878	1
11	1565	1
18	747	1
37	1541	1
20	1221	1
553	1751	1
554	2136	1
70	1670	1
11	2138	1
555	1416	1
42	2139	1
18	2127	1
11	2063	1
11	1348	1
20	921	1
20	947	1
6	2140	1
24	2131	1
201	1146	1
12	1428	1
556	926	1
291	679	1
15	1655	1
557	1031	1
288	2141	1
20	705	1
20	1010	1
2	1741	1
11	1693	1
276	846	1
12	1984	1
506	1066	1
558	688	1
2	2142	1
2	2143	1
20	2093	1
559	790	1
20	1975	1
268	1664	1
6	1909	1
286	1325	1
20	761	1
24	830	1
20	2144	1
11	1610	1
27	2145	1
20	1500	1
12	1970	1
11	683	1
12	2146	1
6	1799	1
15	2147	1
20	1396	1
20	672	1
560	1352	1
561	685	1
11	904	1
12	1680	1
24	1840	1
60	1978	1
86	708	1
37	2148	1
12	877	1
24	2149	1
0	2150	1
11	1522	1
562	1451	1
9	2027	1
11	1732	1
20	1464	1
12	817	1
563	1459	1
77	1348	1
564	1116	1
11	2151	1
131	1915	1
18	1556	1
37	1443	1
20	2152	1
11	990	1
7	2153	1
93	1817	1
11	1614	1
112	663	1
12	1332	1
7	1555	1
12	2102	1
12	1373	1
250	1288	1
11	2144	1
7	1417	1
169	2075	1
565	2154	1
24	2043	1
9	1678	1
20	2125	1
20	1575	1
454	733	1
276	1915	1
11	2155	1
11	2156	1
2	2157	1
11	1588	1
11	2158	1
20	1605	1
136	2159	1
11	2160	1
11	1822	1
20	2161	1
9	2103	1
9	1671	1
9	1231	1
566	2162	1
149	733	1
393	1144	1
25	713	1
567	809	1
20	1599	1
20	876	1
33	1019	1
20	906	1
11	1485	1
20	875	1
20	1339	1
11	2163	1
6	1430	1
11	735	1
20	2140	1
568	1738	1
6	2164	1
9	675	1
11	2146	1
7	1194	1
20	949	1
11	1526	1
58	962	1
24	820	1
7	848	1
2	2165	1
7	2166	1
11	1784	1
23	1046	1
11	1696	1
20	1527	1
20	1626	1
11	661	1
11	2167	1
204	792	1
6	2168	1
72	782	1
2	1401	1
72	2133	1
0	2169	1
70	1511	1
11	2170	1
20	1672	1
11	1579	1
2	829	1
11	2009	1
11	1923	1
276	1574	1
70	2137	1
15	741	1
37	1748	1
0	2171	1
84	945	1
20	1348	1
68	1833	1
18	921	1
11	1712	1
24	1228	1
20	2063	1
27	2172	1
399	1732	1
401	1593	1
11	2173	1
11	1464	1
11	1183	1
15	1097	1
6	1323	1
58	2174	1
6	2156	1
2	755	1
23	1189	1
6	1254	1
11	2038	1
11	1947	1
74	2175	1
11	1357	1
569	1774	1
570	1285	1
571	835	1
27	2176	1
12	957	1
27	1698	1
42	698	1
74	2177	1
572	1095	1
499	945	1
20	899	1
11	1196	1
573	1028	1
138	2178	1
574	1238	1
6	2179	1
575	1019	1
11	833	1
18	824	1
84	1001	1
55	797	1
11	2052	1
11	2180	1
576	1443	1
270	809	1
6	2181	1
6	694	1
398	1510	1
577	1351	1
12	2029	1
578	1102	1
2	1535	1
12	670	1
11	2182	1
11	670	1
579	792	1
11	1777	1
2	2183	1
2	2184	1
24	2185	1
2	2179	1
2	2186	1
11	2187	1
12	1549	1
20	918	1
11	2188	1
29	666	1
8	2189	1
11	1472	1
6	1926	1
60	2190	1
24	991	1
9	1816	1
11	922	1
27	1557	1
11	2191	1
7	2192	1
580	898	1
581	1774	1
20	1107	1
7	1738	1
20	1200	1
11	2193	1
11	1764	1
12	1843	1
340	767	1
27	2034	1
582	838	1
9	1117	1
277	819	1
18	1782	1
15	2194	1
153	1425	1
20	1555	1
25	2195	1
70	939	1
284	1780	1
583	701	1
37	1553	1
525	780	1
11	1899	1
9	1179	1
70	1153	1
20	1059	1
12	1949	1
584	1719	1
25	1130	1
585	1071	1
410	753	1
586	2196	1
80	662	1
198	821	1
6	1462	1
11	2018	1
24	1386	1
270	1662	1
12	1168	1
11	2197	1
6	2198	1
37	915	1
11	2033	1
12	2199	1
9	1086	1
20	1338	1
70	1251	1
20	1884	1
29	1025	1
11	711	1
37	2200	1
11	1808	1
11	1670	1
587	809	1
11	967	1
24	942	1
588	1001	1
6	2201	1
9	1567	1
589	2202	1
270	807	1
11	1239	1
12	1280	1
20	869	1
20	886	1
20	2203	1
20	2204	1
2	919	1
7	1794	1
0	1724	1
37	1788	1
590	662	1
20	2134	1
27	2205	1
9	1363	1
25	987	1
170	945	1
305	934	1
19	1328	1
20	1545	1
20	1724	1
234	1591	1
6	997	1
12	1012	1
68	662	1
591	1360	1
6	2206	1
11	1816	1
592	685	1
128	729	1
0	2207	1
11	1546	1
12	2208	1
11	1678	1
7	2209	1
406	807	1
11	1893	1
20	1243	1
11	1908	1
20	2210	1
11	2211	1
128	1436	1
77	742	1
195	1331	1
11	2212	1
593	845	1
12	951	1
594	2213	1
74	909	1
12	2035	1
264	1061	1
15	1045	1
60	974	1
20	1189	1
12	2214	1
20	1363	1
0	1240	1
595	1134	1
174	1031	1
11	902	1
68	1206	1
596	1233	1
19	708	1
20	2044	1
54	832	1
77	950	1
597	809	1
598	1925	1
11	1926	1
96	861	1
332	753	1
9	810	1
9	1083	1
7	956	1
12	2205	1
37	1120	1
11	2215	1
599	1093	1
74	809	1
600	1243	1
12	2010	1
70	1101	1
72	701	1
0	1657	1
11	2216	1
20	1336	1
601	1875	1
37	1676	1
602	679	1
20	2075	1
11	2217	1
11	1794	1
2	1443	1
37	914	1
20	963	1
27	708	1
27	835	1
20	1035	1
6	2218	1
11	2219	1
15	1461	1
6	1808	1
603	2137	1
9	1772	1
2	690	1
11	2220	1
65	800	1
604	1087	1
9	866	1
74	1178	1
72	1328	1
291	987	1
174	768	1
2	1959	1
11	2221	1
12	1743	1
11	1752	1
106	678	1
18	950	1
20	1566	1
11	1796	1
11	1190	1
9	1126	1
37	1386	1
502	1710	1
74	1468	1
12	1472	1
27	1868	1
12	1337	1
204	1148	1
27	2222	1
304	1256	1
11	1534	1
84	1740	1
6	2085	1
72	2223	1
605	1574	1
606	2224	1
12	1208	1
607	1866	1
24	802	1
24	1028	1
12	1004	1
70	1933	1
282	909	1
20	1085	1
337	784	1
11	1683	1
11	1161	1
608	792	1
140	829	1
11	1082	1
609	1510	1
27	2225	1
276	2226	1
174	968	1
148	2127	1
12	1955	1
289	1700	1
0	2227	1
37	1955	1
146	717	1
11	1637	1
74	1146	1
6	1442	1
11	2228	1
6	1039	1
290	1788	1
12	824	1
52	1101	1
9	1243	1
12	2103	1
12	2088	1
339	1456	1
18	1126	1
112	1863	1
33	1264	1
9	2018	1
610	797	1
25	871	1
11	1854	1
20	1942	1
11	2229	1
20	2230	1
6	1407	1
12	1204	1
20	1108	1
12	2231	1
20	904	1
611	992	1
296	1828	1
24	1249	1
290	698	1
27	2009	1
37	2232	1
12	1069	1
205	2233	1
27	2234	1
20	1110	1
20	2235	1
112	2024	1
11	1399	1
11	1099	1
20	1924	1
15	1028	1
277	1817	1
378	988	1
9	1925	1
230	1185	1
14	706	1
11	2236	1
9	2122	1
11	1261	1
20	728	1
11	1375	1
229	1828	1
20	1864	1
27	1217	1
25	666	1
612	1220	1
195	950	1
613	1940	1
9	967	1
614	792	1
2	1118	1
0	2237	1
9	1059	1
12	1688	1
20	923	1
615	1031	1
6	2238	1
11	822	1
616	1649	1
8	1179	1
617	1692	1
20	2083	1
20	2056	1
37	1086	1
9	702	1
7	1787	1
20	1523	1
6	1314	1
174	912	1
618	2239	1
112	1334	1
37	1136	1
20	750	1
6	2240	1
37	1510	1
619	809	1
20	1103	1
578	805	1
620	748	1
20	1609	1
20	867	1
74	748	1
12	1764	1
11	1320	1
70	1076	1
499	1219	1
6	2241	1
0	2242	1
9	1055	1
621	724	1
74	1378	1
37	1291	1
20	1497	1
20	1627	1
20	1687	1
9	2003	1
7	1208	1
11	2243	1
410	1288	1
12	858	1
37	1278	1
0	786	1
525	821	1
228	1393	1
191	1233	1
11	2210	1
37	1255	1
12	1112	1
12	746	1
12	954	1
11	2244	1
11	1346	1
11	1085	1
622	2245	1
6	2246	1
24	1413	1
9	2199	1
174	1351	1
527	1665	1
12	1262	1
272	1123	1
37	2189	1
12	1056	1
131	1574	1
20	2240	1
478	971	1
12	1980	1
11	1660	1
50	1328	1
20	1214	1
27	2193	1
68	2247	1
2	782	1
37	1054	1
2	2248	1
77	1088	1
11	1162	1
623	1116	1
20	1323	1
20	825	1
624	784	1
37	2081	1
73	784	1
8	1522	1
6	2048	1
2	949	1
68	1510	1
89	1655	1
11	2249	1
23	959	1
2	2250	1
427	968	1
18	1722	1
9	1523	1
184	1118	1
374	1587	1
11	2251	1
27	1916	1
9	785	1
625	2252	1
11	1575	1
11	2253	1
8	2118	1
626	1110	1
11	1042	1
20	1177	1
0	2254	1
55	913	1
135	784	1
11	1965	1
627	909	1
628	2209	1
9	764	1
7	798	1
629	974	1
20	2255	1
11	1410	1
112	843	1
23	2074	1
2	701	1
24	832	1
2	2055	1
11	2161	1
11	1573	1
11	744	1
20	1790	1
11	891	1
11	2116	1
20	931	1
7	2256	1
38	2257	1
2	2258	1
20	1050	1
58	1950	1
11	813	1
18	2259	1
7	1827	1
12	1923	1
410	1054	1
11	2260	1
20	1136	1
456	1031	1
468	843	1
11	2261	1
42	1747	1
20	1827	1
630	784	1
11	1914	1
9	2262	1
70	1896	1
7	928	1
12	2263	1
0	2264	1
18	2166	1
631	835	1
410	2265	1
632	1238	1
20	943	1
190	2180	1
27	1461	1
9	1208	1
194	666	1
70	1553	1
11	2266	1
211	1087	1
37	2021	1
6	2267	1
15	1644	1
11	1391	1
20	2072	1
20	1251	1
2	955	1
633	1743	1
73	1101	1
23	1196	1
188	1048	1
20	2268	1
634	809	1
70	1140	1
635	1210	1
2	962	1
468	2269	1
6	2270	1
70	919	1
9	1538	1
6	941	1
12	744	1
20	2047	1
74	819	1
11	2271	1
11	1249	1
9	1795	1
11	1621	1
11	789	1
20	1154	1
27	2272	1
0	2273	1
11	1538	1
2	922	1
128	1139	1
7	894	1
636	748	1
637	679	1
135	1176	1
638	666	1
12	2131	1
217	843	1
6	1495	1
9	1768	1
8	2274	1
68	2133	1
11	1671	1
68	1500	1
9	679	1
24	974	1
0	2275	1
38	1097	1
82	1496	1
9	1579	1
2	849	1
27	1122	1
2	1052	1
37	1052	1
11	2276	1
84	1086	1
639	748	1
18	2277	1
9	985	1
20	2278	1
13	713	1
27	1553	1
12	747	1
9	1403	1
640	792	1
641	797	1
11	1231	1
11	2208	1
632	733	1
11	1236	1
20	879	1
20	873	1
20	1688	1
642	1071	1
20	1491	1
12	1150	1
643	666	1
60	709	1
20	1943	1
7	1870	1
11	2103	1
37	1379	1
11	2279	1
644	987	1
11	856	1
27	2280	1
15	1414	1
68	768	1
12	810	1
11	1506	1
7	1082	1
20	1028	1
24	2035	1
11	2281	1
27	2066	1
11	2282	1
20	2153	1
112	1243	1
47	1028	1
9	1387	1
11	2283	1
645	1959	1
444	784	1
23	1068	1
12	1250	1
12	1506	1
211	972	1
20	2118	1
12	1021	1
37	1452	1
11	2070	1
331	1286	1
120	1146	1
9	1112	1
68	1913	1
12	2134	1
68	987	1
11	2284	1
9	1449	1
11	2027	1
646	1751	1
647	1556	1
11	700	1
37	1376	1
12	2285	1
12	2047	1
267	2286	1
20	670	1
225	849	1
12	1224	1
72	2114	1
20	2287	1
11	2288	1
11	1070	1
12	2111	1
648	1351	1
27	2289	1
6	1400	1
12	1353	1
20	2290	1
6	2291	1
7	1346	1
24	1330	1
74	851	1
331	1146	1
649	781	1
12	835	1
12	1523	1
650	1501	1
11	1628	1
27	2292	1
651	1351	1
20	2064	1
20	1005	1
431	1520	1
11	1457	1
11	1974	1
644	843	1
7	2293	1
11	2026	1
20	830	1
120	1414	1
89	2294	1
11	777	1
11	933	1
464	843	1
291	2055	1
70	1357	1
19	733	1
11	1221	1
11	995	1
628	2295	1
2	1467	1
12	2009	1
68	1392	1
11	694	1
20	1000	1
11	2296	1
11	2297	1
11	668	1
11	783	1
6	1196	1
20	2298	1
54	2137	1
25	784	1
24	1439	1
12	1169	1
12	1974	1
47	2299	1
264	753	1
2	1666	1
11	2300	1
0	2301	1
0	2302	1
652	666	1
20	2303	1
502	1061	1
27	2011	1
24	726	1
11	2003	1
37	849	1
42	950	1
11	1046	1
20	1990	1
653	2304	1
11	1450	1
466	1807	1
18	991	1
9	1575	1
47	1512	1
20	1472	1
654	1228	1
354	2194	1
12	1448	1
391	1148	1
70	1144	1
182	805	1
18	1028	1
29	1146	1
74	2212	1
11	2305	1
12	863	1
12	1783	1
11	2306	1
60	1722	1
290	727	1
6	962	1
103	708	1
122	1998	1
12	1788	1
258	751	1
74	1718	1
11	2129	1
6	1283	1
11	1012	1
90	987	1
70	1273	1
176	1468	1
20	1424	1
12	1599	1
53	2307	1
135	987	1
11	1248	1
11	852	1
9	2308	1
20	2006	1
11	1820	1
27	1706	1
655	2309	1
128	865	1
42	902	1
18	974	1
433	2310	1
112	1069	1
2	2158	1
20	1734	1
60	1967	1
74	1558	1
656	748	1
657	838	1
9	1573	1
117	1014	1
658	914	1
659	685	1
149	1541	1
161	702	1
112	995	1
12	662	1
37	962	1
12	1604	1
91	1014	1
20	1220	1
70	2311	1
6	2312	1
20	1169	1
11	1925	1
42	1392	1
660	890	1
15	1006	1
11	1197	1
