0
1,88,137,303,368,465,486,488,521,590
2
3,251,307
4
5,56,132,134,154,216,243,344,380,424,429,485,523,638,643,652
6
7
8
9
10
11
12
13
14
15
16,145,321,457
17,390,476,561,592,659
18
19
20
21
22
23
24
25
26,583
27
28,394
29
30
31,129,244
32
33,211
34
35
36,322,621
37
38
39,335,353
40,111,157,202,513
41
42
43,313
44,64,115,150,524,620,636,639,656
45,295
46,412
47
48,258,375
49
50,156
51,172
52,268
53
54
55
57,151,395
58
59
60
61,65,254,387,427
62
63,158,240,578
66,143,567,587,597,619,634
67
68
69,198
70
71
72
73
74
75,141,199,582,657
76
77
78,152,470,511
79,170,187,363,499,612
80,81,252,315
82,96,281,370
83
84
85
86
87,204,516
89
90,274,278,544
91,270
92,545
93,277,396
94
95
97,279,660
98,215,263,580
99
100,290
101,171,196,213,259,282,467,627
102,214,658
103
104
105,271
106,556
107
108,432
109,260,293,477,481
110,310,316
112
113
114
116,174
117,188,430
118,160,336,351
119
120
121,611
122,245
123,212,297,346,518,533,588
124,203
125
126,329,386,517
127,575
128
130
131
133
135
136
138
139
140
142
144
146,604
147
148
149
153,262
155,405,413,414,471
159,595
161
162
163,318
164,393,420,537
165,435
166
167,301,381,409,491,624,630
168
169
173,184,306
175,495
176
177
178
179,227,314,434
180
181,230,294,447
182,239,384,408
183
185,333,496,512,635
186,644
189,209,238,320,343,579,608,614,640
190
191,362,596
192
193
194,326
195
197
200,542
201
205
206
207
208,332
210
217,576
218,570
219,490
220,233,539
221,222
223
224
225
226
228
229,286,296
231,629
232,325,571,631
234
235
236,247,473
237,547,560
241,359
242
246,436,585,642
248,507
249
250
253
255,342
256
257,324,416,559
261
264
265
266,338,382,562
267
269
272
273,461
275
276
280
283,425
284
285,400,411,522
287
288
289
291
292,317,365,500,530,549,550,577,648,651
298,610,641
299
300,319,564,623
302
304,407
305,401
308
309,350,385,605
311
312
323
327
328
330
331
334,527
337,378
339
340,548
341,398,487,609
345,529
347,574,632
348
349
352
354
355,421,647
356
357
358,402
360
361
364
366
367
369
371,509,633
372,403
373,419,553,646
374
376
377
379,474,536,569,581
383,462,534
388,446
389
391
392,563
397
399
404
406
410
415,526,602,637
417
418
422,440,601
423,489
426
428
431
433
437
438
439
441
442
443,598
444,535
445,613
448
449
450
451,498
452,484,555
453
454
455
456,557,615
458
459
460
463
464,478
466
468
469
472
475,494
479
480
482,532
483
492,506
493
497
501,531
502
503
504
505
508,584
510
514
515
519
520
525
528
538
540
541,572
543
546
551,554
552
558
565
566
568
573
586
589
591
593
594
599
600
603
606
607
616
617
618
622
625
626
628
645
649
650
653
654
655
661,668,699,736,801,859,881,910,946,952,961,982,1029,1115,1137,1156,1241,1261,1269,1300,1306,1345,1350,1359,1376,1377,1559,1590,1657,1694,1711,1712,1724,1744,1756,1798,1838,1848,1891,1903,1907,1945,1960,2025,2090,2110,2121,2123,2150,2169,2171,2207,2227,2237,2242,2254,2264,2273,2275,2301,2302
662
663,737,995,1069,1158,1327,1542,1554,1601,1863,2024
664
665
666
667,670,693,705,721,725,775,812,870,874,875,880,892,899,906,920,923,924,936,937,947,955,969,970,979,997,1011,1027,1030,1033,1035,1041,1047,1051,1062,1092,1111,1128,1161,1165,1181,1183,1221,1244,1254,1274,1314,1315,1322,1323,1335,1343,1368,1373,1402,1404,1407,1422,1426,1430,1442,1457,1462,1464,1466,1477,1486,1491,1495,1505,1521,1528,1572,1576,1581,1599,1600,1619,1625,1634,1661,1683,1714,1721,1734,1742,1758,1799,1802,1897,1899,1901,1909,1918,1920,1926,1947,1948,1961,1985,2048,2054,2059,2063,2140,2156,2164,2168,2179,2181,2198,2201,2206,2218,2238,2240,2241,2246,2267,2270,2291,2312
669,732,826,831,1179,1383,1395,1715,1725,1733,1786,1982,1986,2118,2189,2274
671
672,676,677,696,731,746,764,774,785,795,804,808,810,813,816,828,858,863,866,897,900,933,935,951,978,1055,1059,1074,1098,1117,1138,1145,1157,1190,1225,1234,1268,1270,1277,1289,1293,1309,1312,1318,1333,1363,1365,1387,1399,1403,1409,1424,1458,1478,1479,1480,1506,1513,1532,1545,1549,1565,1567,1573,1575,1579,1596,1627,1658,1671,1672,1678,1735,1737,1739,1752,1753,1761,1772,1795,1816,1820,1842,1843,1860,1864,1914,1928,1973,2003,2018,2027,2103,2111,2122,2199,2262,2308
673,726,739,744,745,770,803,820,830,862,873,878,954,965,966,1020,1063,1070,1114,1167,1216,1218,1237,1248,1249,1262,1267,1305,1389,1413,1437,1439,1473,1523,1547,1585,1622,1784,1805,1840,2005,2035,2043,2131,2149,2185
674,1135,1317
675,683,684,735,756,759,778,798,818,827,850,894,908,928,956,963,975,1010,1012,1082,1083,1099,1109,1131,1174,1177,1194,1203,1208,1226,1265,1283,1344,1354,1400,1417,1420,1483,1497,1515,1519,1555,1563,1588,1651,1750,1770,1783,1787,1790,1794,1808,1810,1813,1827,1832,1870,1872,1890,1912,1924,1931,1935,1968,1975,1995,2023,2030,2082,2084,2096,2098,2126,2153,2192,2256,2293
678,1205
679
680,692,695,700,711,718,719,728,749,762,763,769,779,783,789,817,825,867,903,904,927,977,984,990,996,1004,1013,1021,1032,1044,1049,1050,1056,1078,1119,1132,1133,1142,1162,1168,1169,1184,1187,1202,1204,1212,1224,1275,1284,1332,1337,1353,1356,1361,1362,1381,1394,1418,1440,1441,1499,1534,1540,1543,1548,1552,1594,1605,1607,1608,1616,1630,1637,1680,1684,1688,1696,1701,1713,1730,1792,1811,1814,1821,1826,1830,1834,1844,1846,1853,1854,1855,1861,1867,1884,1895,1905,1923,1941,1949,1980,1984,1988,1997,1999,2010,2029,2044,2047,2064,2067,2102,2116,2128,2134,2146,2208,2214,2231,2263,2285
681,687,703,743,758,854,855,857,860,911,948,964,973,983,989,994,998,1024,1037,1057,1060,1081,1173,1180,1186,1246,1266,1272,1279,1292,1297,1298,1299,1301,1303,1311,1313,1321,1324,1326,1347,1355,1370,1371,1385,1419,1421,1427,1433,1447,1454,1455,1460,1469,1474,1489,1490,1492,1493,1494,1503,1504,1507,1514,1516,1518,1525,1531,1536,1544,1550,1562,1564,1583,1584,1589,1595,1602,1606,1612,1613,1617,1639,1640,1643,1652,1699,1702,1704,1708,1716,1729,1754,1755,1763,1765,1766,1778,1779,1791,1793,1800,1801,1809,1812,1831,1836,1849,1851,1858,1869,1871,1874,1879,1881,1885,1894,1927,1936,1946,1964,1966,1987,2012,2013,2015,2016,2020,2022,2045,2051,2060,2068,2069,2071,2078,2086,2092,2095,2099,2105,2107,2112,2113,2124,2132,2135,2138,2151,2155,2160,2163,2167,2170,2173,2182,2187,2188,2191,2197,2211,2215,2216,2217,2219,2220,2221,2228,2229,2236,2243,2244,2249,2251,2253,2260,2261,2266,2271,2276,2279,2281,2282,2283,2284,2288,2296,2297,2300,2305,2306
682,722,777,794,811,815,833,837,844,879,889,905,916,931,940,953,1017,1022,1036,1042,1043,1065,1072,1090,1105,1108,1113,1124,1125,1127,1154,1159,1197,1199,1200,1207,1214,1223,1245,1253,1282,1290,1308,1320,1336,1338,1364,1369,1382,1446,1465,1502,1526,1527,1561,1566,1568,1578,1586,1609,1614,1623,1628,1629,1645,1648,1650,1656,1659,1686,1687,1705,1709,1726,1769,1777,1781,1796,1835,1837,1845,1856,1865,1876,1880,1892,1908,1911,1919,1929,1930,1937,1938,1939,1942,1943,1951,1953,1954,1965,1981,1990,1993,1994,1996,2002,2006,2017,2026,2033,2038,2041,2049,2052,2057,2070,2073,2079,2083,2089,2093,2106,2117,2125,2129,2144,2152,2161,2203,2204,2210,2230,2235,2255,2268,2278,2287,2290,2298,2303
685
686,704,747,834,840,841,869,891,999,1084,1094,1100,1112,1126,1129,1281,1484,1582,1620,1638,1707,1757,1806,1824,1877,1970,2031,2166,2259,2277
688
689,709,799,1140,1172,1213,1230,1330,1349,1557,1764,1823,1967,2053,2190
690
691
694,697,806,876,943,959,1007,1046,1064,1189,1239,1271,1316,1435,1498,1610,1624,1690,1693,1771,1944,2074,2088,2094
698,907,1414
701
702,1136
706,1104
707
708,1431
710
712
713,716
714
715,754,822,1006,1045,1390,1644,1698,1829,2147
717,1087
720
723
724
727,760,1541
729,865,1097,1193,1410,1773
730,1852
733
734,1077
738
740,842,853,864,944,957,960,967,1015,1150,1152,1160,1198,1217,1242,1280,1307,1339,1342,1366,1379,1411,1434,1475,1485,1538,1551,1611,1618,1621,1633,1641,1675,1682,1706,1728,1736,1760,1839,1868,1882,1888,1917,1956,1957,1958,1969,2008,2009,2011,2032,2034,2119,2145,2172,2176,2193,2205,2222,2225,2234,2272,2280,2289,2292
741,1191,1740
742
748
750,757,761,765,766,772,922,1009,1058,1091,1147,1164,1396,1438,1445,1482,1524,1529,1537,1546,1560,1580,1592,1603,1636,1667,1685,1727,1759,1762,1789,1815,1818,1857,1873,1906,1921,1952,1962,1963,1971,2001,2004,2019,2039,2062,2077,2080,2097,2100,2101,2104,2142,2143,2157,2158,2165,2183,2184,2186,2248,2250,2258
751
752,942,1250,1296,1428,1785,2257
753,909
755
767
768,912
771
773
776,852
780
781
782
784
786,913
787
788,1535,2307
790
791,1517,1950,2174
792
793
796
797
800
802
805,1102
807
809
814
819,988
821
823,1153
824,856,886,919,930,938,1103,1211,1215,1273,1294,1357,1391,1553,1631,1670,1850,1896,1933,2040,2311
829
832,949,1653,1910
835
836
838
839,1085,1130,1487,1776,2195
843
845
846,1569,2226
847,1220
848,883,1286
849,1026,2085
851
861,1496,1660,1902,1974
868
871,1668,1977
872
877,1192,1432,1511,1775,2046,2294
882,895,941,985,1005,1039,1052,1120,1121,1255,1278,1291,1329,1374,1375,1384,1415,1423,1452,1470,1476,1481,1539,1632,1663,1666,1676,1697,1746,1748,1847,1859,1934,2007,2021,2072,2081,2115,2148,2200,2232
884
885,1206,1222,1247,1717,1978,2055,2091
887
888,1358
890
893,1463,2247
896,1587,2133
898
901,1089,2127
902,1397
914
915
917,1003,1577,1797,2120,2175,2177,2212
918,1148
921
925
926
929
932
934
939
945
950,1236,1331
958,1171,1681,1689,2065
962
968
971
972,1833
974
976
980,1235
981
986,1018
987
991,1067,1231,1635,1747,2139
992
993
1000
1001
1002
1008
1014
1016,1227,1229,2180
1019
1023
1025
1028
1031
1034
1038,1107,1170,1188,1276,1488,1522,1677
1040,1196,2141
1048,1472
1053
1054
1061
1066
1068,2087,2178
1071
1073,1106,1334,1741
1075,1139,1655,1691
1076
1079
1080,1088,1654
1086
1093
1095
1096
1101
1110
1116
1118,1163
1122,1429,1571,2108
1123
1134
1141
1143
1144
1146
1149
1151
1155,1209,1512,2299
1166
1175,2114,2223
1176
1178
1182
1185
1195
1201
1210
1219
1228
1232
1233
1238
1240
1243
1251
1252
1256,1380
1257
1258
1259
1260,1436
1263
1264,1401
1285
1287
1288
1295
1302
1304
1310,1664
1319
1325,1448,1828
1328
1340,1591,1932
1341
1346,1780
1348
1351
1352
1360
1367
1372,1998
1378
1386
1388,1453
1392
1393
1398,1444,1626,1673
1405
1406
1408
1412
1416
1425
1443
1449
1450
1451
1456
1459
1461,1662
1467
1468
1471,2076,2109
1500
1501
1508
1509
1510
1520
1530
1533,1646,1782
1556
1558
1570
1574
1593
1597
1598
1604
1615
1642
1647
1649
1665,1788
1669
1674
1679
1692
1695
1700
1703
1710,1825
1718
1719
1720
1722
1723
1731
1732
1738
1743
1745
1749
1751
1767
1768
1774
1803
1804
1807,1983
1817
1819
1822
1841
1862,2159
1866
1875
1878
1883
1886
1887
1889,2310
1893
1898
1900
1904
1913
1915
1916
1922
1925
1940
1955
1959
1972
1976
1979
1989,2269
1991
1992
2000
2014
2028
2036
2037
2042
2050
2056
2058
2061
2066
2075
2130
2136
2137
2154
2162
2194
2196
2202
2209,2295
2213
2224
2233
2239
2245
2252
2265
2286
2304
2309
